0 172 0 39 29 
255 15 55 49 
1 172 0 39 29 
255 15 55 49 
2 173 0 37 31 
257 15 58 52 
3 174 1 36 32 
259 16 59 59 
4 174 1 39 37 
262 21 57 58 
5 173 2 40 40 
261 26 64 58 
6 174 1 41 43 
269 31 61 59 
7 173 5 43 43 
271 34 63 64 
8 172 6 44 48 
272 38 67 68 
9 173 8 47 50 
274 43 69 70 
10 173 16 43 47 
279 48 70 71 
11 173 20 44 47 
281 56 74 71 
12 175 20 45 53 
286 63 73 69 
13 173 30 49 51 
286 66 77 82 
14 173 31 50 51 
291 76 78 82 
15 174 35 50 54 
295 85 81 85 
16 173 45 54 54 
296 92 100 94 
17 174 47 54 56 
305 97 97 97 
18 172 63 58 51 
306 108 102 97 
19 173 62 56 56 
315 120 100 101 
20 173 64 59 63 
321 122 100 110 
21 324 134 98 100 
171 58 63 79 
22 329 146 96 88 
172 76 64 68 
23 336 156 89 77 
173 73 63 83 
24 174 75 66 86 
25 169 98 78 81 
26 170 104 79 84 
27 171 109 81 92 
28 176 105 75 107 
29 30 31 32 33 34 35 36 37 38 39 40 41 42 43 44 45 46 47 48 49 50 51 52 53 54 55 56 57 58 59 60 61 62 63 64 65 66 67 68 69 70 71 72 73 74 75 76 77 78 79 80 81 82 83 84 85 86 87 88 89 90 91 92 93 94 95 96 97 98 99 100 101 102 103 104 105 106 226 1 45 21 
107 228 0 45 23 
108 228 1 46 27 
109 231 0 48 34 
110 111 223 3 63 37 
112 238 5 51 40 
113 239 7 53 43 
114 242 9 53 46 
115 242 16 57 46 
116 246 19 57 46 
117 247 21 57 48 
118 249 28 64 53 
119 253 30 63 53 
120 257 32 63 61 
121 260 35 66 65 
122 262 42 70 62 
123 266 47 70 66 
124 268 55 76 67 
125 274 58 77 71 
126 278 64 77 81 
127 283 69 76 83 
128 281 78 88 89 
129 289 89 85 85 
130 292 96 97 98 
131 301 102 101 104 
132 303 110 107 110 
133 308 124 111 111 
134 135 136 137 138 139 140 141 142 143 144 145 146 147 148 149 150 151 152 153 154 155 156 157 158 159 160 161 162 163 164 165 166 167 168 169 170 171 172 173 174 175 176 177 178 179 180 181 182 183 184 185 186 187 188 189 190 191 192 193 194 195 196 197 198 199 200 201 202 203 204 205 206 184 0 32 12 
207 184 0 33 14 
208 184 0 34 18 
209 185 0 36 20 
210 189 0 32 21 
211 190 0 31 24 
212 189 4 35 24 
213 189 0 35 31 
214 190 1 36 34 
215 190 5 37 34 
216 190 4 39 37 
217 191 5 40 39 
218 191 10 41 39 
219 193 9 40 43 
220 193 12 42 45 
221 193 17 44 45 
222 194 21 45 44 
223 195 26 45 44 
224 194 26 48 52 
225 195 31 50 50 
226 197 34 50 53 
227 198 38 49 55 
228 211 0 31 9 
199 44 50 55 
229 215 0 29 10 
200 45 51 61 
230 200 48 54 65 
231 215 0 32 14 
200 60 59 59 
232 214 0 37 18 
201 64 60 64 
233 214 0 37 20 
201 66 64 68 
234 213 0 42 21 
203 76 67 69 
235 212 3 44 24 
207 79 67 72 
236 207 83 72 82 
237 213 1 44 29 
210 91 72 79 
238 219 0 39 35 
209 96 77 90 
239 220 0 40 35 
213 103 74 92 
240 216 0 47 39 
214 111 79 99 
241 214 4 50 40 
216 123 83 103 
242 209 6 58 42 
216 134 88 105 
243 224 138 86 101 
210 9 60 44 
244 222 151 93 84 
221 10 52 47 
245 210 14 65 49 
246 223 21 52 46 
247 227 24 51 48 
248 227 29 54 51 
249 229 29 54 54 
250 231 33 55 55 
251 231 37 59 60 
252 231 42 65 61 
253 232 45 63 64 
254 234 48 65 68 
255 236 55 67 68 
256 240 61 68 70 
257 238 64 75 81 
258 242 69 78 83 
259 246 73 78 87 
260 249 81 77 90 
261 249 89 86 98 
262 254 91 88 106 
263 254 102 93 111 
264 257 108 97 114 
265 262 120 99 115 
266 267 268 269 270 271 272 273 274 275 276 277 278 279 280 281 282 283 284 285 286 287 178 0 33 22 
288 179 0 37 25 
289 178 0 40 29 
290 179 0 37 31 
291 180 1 37 32 
292 181 2 37 33 
293 180 6 38 33 
294 182 6 38 35 
295 182 7 37 36 
296 181 5 42 42 
297 184 7 39 43 
298 183 9 43 44 
299 185 9 40 47 
300 186 16 40 46 
301 185 18 45 45 
302 184 22 47 46 
303 185 23 48 48 
304 185 27 48 48 
305 188 31 51 50 
306 188 32 50 52 
307 188 34 52 54 
308 189 38 52 57 
309 189 47 54 53 
310 190 49 53 57 
311 189 51 56 63 
312 189 61 58 59 
313 190 64 58 61 
314 190 66 61 66 
315 190 75 64 65 
316 193 78 64 68 
317 194 80 66 71 
318 196 84 68 81 
319 195 92 71 80 
320 196 93 73 82 
321 197 102 76 91 
322 198 116 80 89 
323 202 115 79 99 
324 201 125 85 102 
325 205 126 85 106 
326 208 137 85 103 
327 328 329 330 331 172 0 34 13 
332 172 0 35 15 
333 172 0 35 18 
334 173 0 35 20 
335 174 0 36 21 
336 173 0 37 23 
337 338 173 0 37 29 
339 174 0 37 30 
340 173 1 40 32 
341 172 2 42 34 
342 174 5 40 34 
343 180 5 36 36 
344 180 3 36 41 
345 180 3 37 44 
346 181 4 38 46 
347 181 4 39 47 
348 180 4 41 51 
349 179 5 44 55 
350 180 10 44 56 
351 181 10 46 59 
352 180 10 48 62 
353 181 10 49 65 
354 183 14 47 67 
355 356 178 25 56 67 
357 181 27 54 70 
358 183 30 54 71 
359 181 42 59 65 
360 187 42 53 71 
361 232 0 32 15 
188 36 53 82 
362 187 44 58 87 
233 0 34 17 
363 187 43 61 92 
232 0 38 19 
364 188 45 61 93 
237 0 35 20 
365 238 0 35 22 
366 240 0 34 23 
367 148 0 27 9 
368 246 0 34 31 
146 0 31 12 
369 146 0 30 13 
370 146 0 30 15 
371 247 0 35 38 
145 0 31 18 
372 251 4 35 37 
145 0 32 19 
373 252 5 36 38 
144 0 33 20 
374 249 8 42 40 
145 0 32 23 
375 250 11 44 42 
144 1 35 26 
376 252 12 48 44 
144 0 35 28 
377 256 18 47 43 
145 1 33 30 
378 256 21 48 44 
144 2 35 32 
379 259 24 47 44 
143 2 36 35 
380 261 26 48 47 
142 6 38 34 
381 263 30 51 49 
143 7 37 35 
382 267 33 50 48 
144 7 37 40 
383 268 36 51 48 
143 9 38 41 
384 271 39 53 53 
143 11 38 43 
385 273 43 58 57 
142 12 39 44 
386 276 47 58 58 
143 17 38 43 
387 279 52 60 59 
142 21 40 44 
388 278 55 68 65 
141 24 42 44 
389 141 26 43 47 
285 61 65 64 
390 289 64 65 69 
140 31 44 48 
391 290 68 70 74 
140 34 44 47 
392 294 76 72 72 
139 37 45 49 
393 299 82 74 78 
139 39 45 54 
394 302 88 79 81 
138 47 48 51 
395 305 98 90 87 
138 48 49 54 
396 312 104 89 89 
137 51 49 59 
397 313 113 100 86 
134 59 55 58 
398 320 120 97 91 
133 60 57 65 
399 329 128 93 102 
134 64 56 66 
400 333 137 93 98 
128 70 66 69 
401 337 142 86 91 
129 74 64 71 
402 343 156 79 76 
130 80 63 73 
403 127 83 67 81 
404 126 89 71 84 
405 125 96 73 91 
406 126 101 72 94 
407 126 106 76 101 
408 121 118 80 105 
409 121 133 81 107 
410 123 132 82 109 
411 118 139 85 101 
412 413 414 415 416 417 126 210 77 26 
418 419 420 421 422 423 424 425 426 427 428 167 0 46 17 
429 166 0 47 19 
430 167 0 46 20 
431 167 0 47 21 
432 167 0 49 22 
433 167 0 49 24 
434 166 0 54 25 
435 167 0 52 29 
436 169 2 51 29 
437 438 439 174 0 50 39 
440 174 1 50 42 
441 175 2 48 42 
442 443 444 175 4 50 50 
445 446 447 174 13 57 54 
448 175 11 57 58 
449 175 12 57 59 
450 451 452 176 1 60 84 
453 185 3 57 84 
454 183 11 61 87 
455 456 180 9 68 94 
457 169 21 80 100 
458 166 29 85 93 
459 460 461 462 463 150 0 32 10 
464 151 0 31 12 
465 151 0 31 14 
466 151 0 31 15 
467 150 0 32 17 
468 150 0 33 19 
469 151 0 33 20 
470 151 0 33 22 
471 149 1 37 24 
472 150 2 36 25 
473 150 2 36 27 
474 150 0 36 29 
475 151 0 35 32 
476 151 2 35 32 
477 150 3 36 33 
478 150 5 38 34 
479 151 7 37 34 
480 152 2 37 44 
481 482 149 7 43 44 
483 148 8 45 45 
484 147 10 46 46 
485 148 11 46 48 
486 148 18 45 44 
487 148 19 47 46 
488 148 23 46 45 
489 147 25 47 45 
490 147 27 48 47 
491 147 32 49 48 
492 147 32 50 51 
493 147 35 51 51 
494 147 37 50 53 
495 148 39 49 57 
496 147 44 51 57 
497 146 46 53 58 
498 145 49 56 62 
499 146 51 55 65 
500 144 58 58 64 
501 144 65 59 62 
502 145 66 58 66 
503 144 73 62 68 
504 143 78 64 68 
505 146 80 62 68 
506 142 82 67 83 
507 143 87 68 86 
508 140 93 73 92 
509 146 98 69 90 
510 144 104 74 101 
511 143 108 76 104 
512 141 115 81 113 
513 143 120 78 113 
514 145 122 76 117 
515 146 133 79 108 
516 148 137 76 106 
517 518 519 520 521 522 523 524 525 526 527 528 529 530 531 532 533 534 535 536 537 538 539 540 541 542 543 544 545 546 547 548 549 550 551 552 553 554 555 556 557 558 559 560 561 562 563 564 565 566 567 568 569 570 571 572 573 574 575 576 577 578 579 580 581 582 583 584 585 586 587 588 589 590 591 592 593 594 595 596 597 598 228 0 49 36 
599 231 0 47 37 
600 601 602 603 240 5 51 44 
604 605 606 607 608 609 610 611 612 613 614 615 616 617 618 619 620 621 622 623 290 99 93 86 
624 625 626 311 136 106 83 
627 628 629 630 631 632 633 634 635 167 0 32 11 
636 167 0 31 13 
637 168 0 32 16 
638 168 0 32 18 
639 167 0 34 21 
640 167 0 35 24 
641 167 1 37 26 
642 167 0 37 30 
643 171 0 34 32 
644 172 1 34 33 
645 171 4 36 36 
646 171 6 37 36 
647 168 7 42 41 
648 167 9 43 43 
649 170 10 38 45 
650 170 11 40 48 
651 170 17 44 46 
652 170 22 45 44 
653 170 25 45 46 
654 171 30 45 49 
655 172 33 44 49 
656 172 35 46 53 
657 171 38 48 57 
658 170 45 54 55 
659 171 48 53 57 
660 172 50 55 64 
661 171 58 59 63 
662 171 63 61 65 
663 170 66 64 68 
664 170 77 66 68 
665 173 76 63 83 
666 172 84 66 84 
667 174 92 70 85 
668 177 96 72 96 
669 174 106 79 100 
670 225 0 32 12 
174 117 82 108 
671 225 0 32 14 
176 125 80 108 
672 179 136 82 104 
673 176 148 88 91 
674 675 676 677 231 1 40 28 
678 238 1 34 30 
679 238 2 36 32 
680 681 239 9 40 32 
682 683 242 11 47 39 
684 243 13 46 40 
685 250 14 39 43 
686 249 19 48 43 
687 250 23 50 45 
688 249 24 52 50 
689 254 33 51 46 
690 256 36 52 47 
691 259 39 54 50 
692 259 44 58 56 
693 264 48 57 58 
694 266 52 60 61 
695 270 58 62 61 
696 275 61 62 68 
697 273 71 71 67 
698 281 76 70 70 
699 285 82 72 70 
700 287 85 76 83 
701 291 92 82 93 
702 297 101 85 92 
703 186 0 32 12 
304 107 89 105 
704 186 0 33 14 
307 126 101 98 
705 190 0 31 16 
313 133 106 101 
706 320 140 102 95 
190 0 31 18 
707 324 153 100 80 
190 0 32 20 
708 191 0 32 21 
709 192 0 32 25 
710 191 0 35 28 
711 192 0 33 27 
712 192 0 34 32 
713 192 1 35 33 
714 196 2 35 33 
715 197 2 34 39 
716 196 3 35 39 
717 197 3 36 42 
718 197 4 37 45 
719 197 5 39 47 
720 196 6 41 49 
721 197 8 42 51 
722 384 0 44 25 
197 13 43 52 
723 199 16 43 51 
724 201 19 42 53 
725 202 22 42 54 
726 198 27 51 55 
727 199 27 49 57 
728 204 30 50 59 
729 203 31 53 63 
730 203 40 54 62 
731 204 39 53 68 
732 196 43 65 70 
733 205 58 56 61 
734 206 56 59 70 
735 205 61 62 69 
736 208 64 64 72 
737 208 77 64 68 
738 213 71 67 85 
739 212 77 71 91 
740 213 83 71 92 
741 213 90 76 97 
742 214 106 80 89 
743 219 106 78 101 
744 223 117 81 110 
745 226 135 80 105 
746 747 748 749 750 751 752 753 754 755 756 757 221 0 34 12 
758 222 0 34 14 
759 223 0 34 16 
760 223 0 36 18 
761 762 763 764 229 1 37 27 
765 766 231 0 39 30 
767 768 769 770 181 0 27 10 
771 181 0 29 13 
772 180 0 29 14 
773 180 0 30 15 
774 182 0 29 18 
775 247 12 39 46 
182 0 31 20 
776 248 14 38 45 
181 0 32 22 
777 248 17 41 48 
182 0 32 23 
778 249 20 42 51 
181 1 34 25 
779 181 0 35 28 
780 182 0 34 30 
781 182 0 34 30 
782 183 2 34 32 
783 183 5 36 33 
784 259 41 55 61 
183 5 36 35 
785 261 42 56 65 
184 7 36 33 
786 264 46 56 66 
183 9 37 34 
787 264 53 64 69 
183 13 39 35 
788 184 13 39 36 
268 53 65 72 
789 187 16 37 36 
270 57 64 78 
790 273 64 67 80 
187 11 37 45 
791 273 65 72 88 
185 18 41 40 
792 277 72 75 86 
185 22 42 39 
793 280 76 78 95 
185 24 44 41 
794 285 91 78 93 
186 25 44 42 
795 288 99 83 86 
187 28 44 45 
796 292 106 87 98 
188 32 44 46 
797 294 108 96 104 
187 32 46 48 
798 301 119 96 109 
187 37 48 47 
799 302 129 107 107 
189 40 48 47 
800 312 136 106 100 
190 40 50 55 
801 316 142 102 91 
188 45 53 55 
802 317 153 105 81 
190 46 52 57 
803 322 161 99 73 
190 50 54 58 
804 192 51 54 64 
805 191 64 55 54 
806 192 69 56 56 
807 190 77 61 57 
808 193 80 60 60 
809 192 83 65 62 
810 192 90 68 65 
811 192 96 70 65 
812 197 104 68 68 
813 195 103 72 83 
814 197 104 73 89 
815 199 111 74 95 
816 203 114 72 99 
817 203 125 77 103 
818 208 125 78 112 
819 211 136 79 105 
820 821 822 823 824 825 826 827 828 829 830 831 832 833 834 835 836 837 838 839 840 841 842 179 0 26 9 
843 179 0 27 9 
844 178 0 30 11 
845 178 0 30 13 
846 179 0 30 14 
847 179 0 31 17 
848 178 0 32 19 
849 179 0 32 20 
850 181 1 31 21 
851 852 180 0 34 28 
853 384 0 43 24 
181 0 34 30 
854 181 1 34 30 
855 182 1 34 33 
856 183 2 34 34 
857 181 3 35 37 
858 182 6 37 35 
859 183 7 36 38 
860 184 9 37 36 
861 182 10 41 41 
862 184 14 39 39 
863 185 11 38 46 
864 186 17 39 45 
865 184 22 45 41 
866 185 23 46 43 
867 186 27 46 44 
868 186 28 47 47 
869 186 32 48 48 
870 187 34 48 48 
871 188 39 48 49 
872 224 0 28 10 
190 38 49 57 
873 223 0 33 13 
188 44 55 55 
874 223 0 34 14 
189 44 54 58 
875 224 0 34 17 
190 47 55 62 
876 226 0 33 19 
190 48 58 66 
877 226 0 34 21 
191 59 58 60 
878 229 0 35 22 
192 63 61 63 
879 231 0 35 25 
193 66 60 67 
880 231 0 38 28 
194 72 62 70 
881 231 1 40 28 
194 78 65 69 
882 234 0 41 33 
193 82 68 69 
883 234 1 43 35 
197 84 68 81 
884 234 6 45 33 
199 91 71 82 
885 238 7 42 33 
200 95 73 87 
886 239 10 42 34 
203 101 74 92 
887 241 11 47 38 
204 108 78 94 
888 243 15 47 39 
205 108 83 107 
889 245 15 46 42 
206 119 84 107 
890 247 20 48 40 
209 126 86 109 
891 212 136 85 103 
249 22 49 40 
892 217 145 83 97 
250 24 51 42 
893 209 164 101 68 
254 34 50 42 
894 217 168 96 72 
256 35 50 43 
895 220 176 88 62 
260 37 50 44 
896 225 185 85 54 
261 40 53 47 
897 226 195 87 42 
261 46 59 50 
898 232 209 79 28 
263 48 60 50 
899 267 52 62 55 
900 269 61 66 54 
901 274 61 64 59 
902 276 64 71 66 
903 279 73 70 65 
904 283 79 74 66 
905 285 86 75 72 
906 291 85 81 83 
907 295 92 81 83 
908 297 105 100 85 
909 383 0 43 26 
303 112 99 92 
910 304 119 106 93 
911 317 131 102 99 
912 321 140 102 94 
913 193 0 34 14 
914 193 0 35 18 
915 193 0 36 20 
916 192 0 39 21 
917 198 0 33 23 
918 196 0 38 27 
919 197 0 36 30 
920 198 0 36 33 
921 199 0 36 36 
922 200 0 36 36 
923 197 0 44 41 
924 200 5 39 37 
925 201 2 39 44 
926 201 5 40 47 
927 202 6 41 50 
928 203 7 41 51 
929 201 12 47 54 
930 203 13 46 56 
931 204 18 45 55 
932 203 21 48 57 
933 203 27 54 56 
934 203 27 54 61 
935 205 29 55 64 
936 205 31 59 68 
937 205 37 61 72 
938 205 42 64 73 
939 209 46 63 73 
940 209 55 66 72 
941 212 56 68 81 
942 212 63 71 78 
943 213 65 75 91 
944 212 72 80 98 
945 200 0 30 11 
215 78 78 100 
946 201 0 30 13 
214 86 87 107 
947 201 0 31 15 
218 91 90 112 
948 201 0 32 18 
220 100 93 121 
949 201 0 34 21 
225 109 93 114 
950 203 0 32 22 
227 117 96 120 
951 235 122 93 116 
207 1 29 22 
952 208 0 29 26 
953 209 0 29 26 
954 235 166 103 66 
207 2 33 29 
955 209 2 32 35 
243 175 96 61 
956 255 187 85 51 
208 5 36 35 
957 255 204 89 33 
209 7 36 35 
958 208 8 39 38 
959 212 9 36 40 
960 211 10 38 44 
961 209 17 44 43 
962 213 18 39 45 
963 214 19 41 48 
964 208 23 49 49 
965 211 31 52 47 
966 212 30 53 51 
967 216 36 50 50 
968 218 40 51 52 
969 220 47 53 52 
970 222 50 52 56 
971 222 60 57 56 
972 224 58 57 63 
973 225 60 61 69 
974 225 74 66 62 
975 226 77 69 69 
976 232 81 67 70 
977 231 85 75 81 
978 235 97 76 80 
979 237 98 78 89 
980 239 105 85 98 
981 242 121 85 99 
982 247 122 89 109 
983 254 127 91 111 
984 985 986 987 988 989 990 991 992 993 994 183 0 28 9 
995 183 0 27 10 
996 183 0 28 10 
997 182 0 32 13 
998 183 0 32 13 
999 183 0 33 15 
1000 184 1 33 16 
1001 1002 184 0 34 21 
1003 185 0 34 23 
1004 184 2 36 24 
1005 185 1 36 25 
1006 185 0 36 31 
1007 187 0 36 32 
1008 188 1 36 32 
1009 189 1 37 33 
1010 189 1 38 34 
1011 190 3 36 33 
1012 190 7 37 33 
1013 190 9 39 32 
1014 190 9 39 36 
1015 188 9 44 40 
1016 192 10 43 42 
1017 194 12 39 42 
1018 193 19 43 39 
1019 193 20 43 41 
1020 193 23 44 41 
1021 192 27 48 40 
1022 192 28 51 43 
1023 193 34 51 42 
1024 193 34 51 44 
1025 194 36 52 45 
1026 194 35 53 50 
1027 196 38 53 51 
1028 195 48 56 48 
1029 386 2 41 30 
198 49 55 50 
1030 384 0 43 32 
196 47 58 57 
1031 382 0 45 31 
198 49 58 62 
1032 202 51 55 63 
383 0 44 26 
1033 383 0 42 25 
202 62 58 57 
1034 201 63 62 64 
1035 201 67 64 64 
1036 203 75 64 64 
1037 205 79 66 64 
1038 207 72 66 85 
1039 207 95 69 63 
1040 209 88 68 83 
1041 213 110 69 65 
1042 211 99 75 87 
1043 214 102 75 91 
1044 212 107 83 101 
1045 216 110 81 106 
1046 215 130 85 97 
173 0 32 13 
1047 173 0 32 15 
1048 1049 175 0 31 20 
1050 176 0 32 21 
1051 176 0 32 23 
1052 173 0 36 27 
1053 174 0 35 29 
1054 175 0 34 31 
1055 176 1 34 31 
1056 176 2 34 36 
1057 175 4 38 35 
384 0 44 30 
1058 179 3 35 39 
386 0 40 25 
1059 382 1 44 27 
179 4 36 40 
1060 178 4 37 44 
1061 178 5 39 47 
1062 178 8 39 48 
1063 179 10 39 49 
1064 179 14 40 52 
1065 178 16 43 54 
1066 178 18 44 56 
1067 178 22 45 57 
1068 179 27 45 58 
1069 180 30 46 59 
1070 182 33 45 61 
1071 178 41 52 61 
1072 176 41 55 64 
1073 174 45 58 67 
1074 185 49 48 65 
1075 177 56 56 70 
1076 175 53 61 85 
1077 175 61 62 89 
1078 175 64 66 92 
1079 174 75 69 93 
1080 173 92 73 89 
1081 173 85 80 105 
1082 175 105 78 97 
1083 172 98 86 117 
1084 173 114 86 115 
1085 181 138 78 99 
170 0 28 13 
1086 170 0 27 14 
183 134 81 105 
1087 171 0 27 17 
1088 170 0 29 19 
1089 171 0 29 21 
1090 170 3 31 22 
1091 169 0 32 27 
1092 170 1 31 28 
1093 170 3 31 28 
1094 171 4 32 30 
1095 173 7 31 32 
1096 172 8 33 33 
1097 173 10 32 33 
1098 172 12 34 36 
1099 171 15 36 36 
1100 170 13 36 44 
1101 170 19 38 40 
1102 169 24 42 41 
1103 169 26 43 43 
1104 170 29 43 44 
1105 171 34 42 42 
1106 171 38 43 44 
1107 171 42 44 46 
1108 170 47 45 48 
1109 170 52 46 48 
1110 169 55 49 52 
1111 169 54 51 61 
1112 169 65 53 54 
1113 171 68 53 61 
1114 168 74 58 63 
1115 169 80 58 64 
1116 167 88 64 69 
1117 168 94 63 68 
1118 166 96 67 84 
1119 165 104 70 87 
1120 164 111 75 93 
1121 163 119 78 104 
1122 165 127 76 108 
1123 162 139 91 95 
1124 1125 1126 1127 167 185 83 55 
1128 1129 1130 1131 166 0 36 14 
1132 1133 1134 1135 1136 165 0 40 26 
1137 172 0 35 27 
1138 171 0 37 32 
1139 171 0 39 32 
1140 1141 1142 1143 1144 1145 1146 1147 1148 1149 1150 1151 1152 1153 1154 1155 1156 1157 1158 1159 1160 1161 1162 1163 165 51 88 114 
1164 1165 1166 168 98 89 101 
1167 1168 1169 1170 1171 1172 1173 1174 1175 1176 1177 1178 1179 1180 1181 1182 1183 1184 1185 1186 1187 1188 1189 1190 1191 1192 1193 1194 1195 1196 1197 179 0 30 13 
1198 180 0 30 14 
223 0 33 17 
1199 225 0 33 19 
1200 1201 226 1 34 25 
182 0 31 21 
1202 229 0 35 29 
181 4 33 20 
1203 230 0 35 30 
181 2 35 24 
1204 232 2 35 32 
182 1 36 27 
1205 182 1 36 29 
232 3 38 34 
1206 183 1 35 30 
237 6 36 33 
1207 183 2 37 33 
238 10 36 34 
1208 183 5 39 35 
239 12 38 33 
1209 184 5 37 35 
243 14 39 35 
1210 243 18 42 34 
185 7 37 36 
1211 245 21 43 37 
187 8 37 37 
1212 249 22 39 42 
188 11 35 34 
1213 185 9 43 42 
248 27 46 44 
1214 186 13 42 43 
249 29 50 45 
1215 189 12 40 47 
252 37 50 42 
1216 189 19 40 42 
255 38 51 47 
1217 188 23 43 44 
257 42 53 50 
1218 188 28 45 42 
259 46 56 53 
1219 192 29 43 45 
264 50 55 54 
1220 192 34 46 44 
263 59 66 56 
1221 192 36 48 46 
268 63 63 56 
1222 193 37 47 48 
275 64 63 65 
1223 193 37 50 56 
274 68 75 73 
1224 193 45 52 54 
279 78 71 70 
1225 193 44 55 61 
284 84 73 76 
1226 193 47 57 63 
286 90 83 79 
1227 195 60 56 57 
292 102 79 83 
1228 197 62 58 61 
297 111 86 86 
1229 198 66 58 62 
304 118 99 95 
1230 308 132 108 93 
194 74 66 63 
1231 316 141 105 95 
201 78 61 66 
1232 201 79 64 77 
323 145 99 88 
1233 328 157 95 76 
203 85 66 83 
1234 333 170 91 70 
206 90 67 84 
1235 206 96 71 89 
1236 211 109 72 89 
1237 208 107 79 99 
1238 206 120 84 102 
1239 211 123 84 108 
1240 211 136 87 98 
1241 1242 1243 1244 225 176 88 63 
1245 226 186 89 52 
1246 1247 1248 1249 1250 1251 1252 1253 1254 1255 1256 1257 1258 1259 1260 1261 1262 1263 1264 173 0 25 10 
1265 172 0 27 12 
1266 173 0 27 13 
1267 173 0 27 15 
1268 175 0 26 16 
1269 175 0 28 18 
1270 174 0 29 20 
1271 174 0 29 21 
1272 175 0 29 22 
1273 176 0 28 24 
1274 175 0 30 28 
1275 176 1 30 28 
1276 175 3 32 28 
1277 176 4 30 30 
1278 175 7 32 31 
1279 174 8 33 32 
1280 175 8 33 34 
1281 175 10 34 35 
1282 175 14 37 33 
1283 175 16 37 34 
1284 175 18 39 35 
1285 177 19 36 39 
1286 395 0 30 27 
177 22 40 40 
1287 387 0 39 25 
176 24 42 41 
1288 177 25 41 42 
1289 384 0 40 22 
178 28 40 44 
1290 177 34 43 43 
1291 176 36 45 44 
1292 176 40 47 44 
1293 178 41 47 47 
1294 177 47 51 49 
1295 179 48 51 50 
1296 179 52 52 52 
1297 180 53 51 56 
1298 182 61 51 55 
1299 182 62 52 59 
1300 183 68 54 60 
1301 183 77 54 57 
1302 205 0 24 10 
395 4 31 28 
181 80 60 63 
1303 202 0 28 11 
184 81 60 70 
1304 384 1 43 29 
202 0 30 13 
186 92 60 66 
1305 203 0 30 16 
185 95 63 70 
1306 203 0 31 19 
182 97 71 84 
1307 385 0 38 25 
206 0 31 20 
184 102 71 86 
1308 387 0 34 21 
207 0 31 22 
184 110 76 92 
1309 209 0 29 25 
187 123 77 94 
1310 208 0 32 27 
191 125 80 98 
1311 209 1 31 28 
191 136 81 103 
1312 210 3 32 30 
194 137 83 103 
1313 197 146 78 99 
214 5 32 29 
1314 213 4 34 36 
1315 201 172 77 68 
214 8 34 32 
1316 215 10 36 34 
1317 217 12 35 31 
1318 220 16 35 37 
1319 224 0 27 10 
220 18 37 40 
1320 223 0 32 12 
1321 223 0 35 14 
1322 209 25 56 43 
224 0 35 19 
1323 225 0 35 23 
212 34 56 41 
1324 224 1 38 26 
211 32 60 46 
1325 222 37 51 46 
1326 224 39 53 48 
1327 230 0 37 30 
223 41 57 52 
1328 233 0 36 36 
231 47 51 51 
1329 233 0 37 39 
235 51 50 55 
1330 236 5 41 35 
232 55 57 57 
1331 236 7 46 34 
236 62 59 56 
1332 238 65 61 63 
236 8 45 36 
1333 240 11 45 37 
240 73 64 64 
1334 241 14 46 40 
242 77 69 67 
1335 244 20 47 39 
248 81 67 71 
1336 246 22 47 38 
249 92 73 70 
1337 248 24 49 41 
254 95 75 77 
1338 250 26 51 44 
257 99 79 87 
1339 253 33 53 45 
259 107 83 95 
1340 263 122 89 96 
254 36 54 46 
1341 267 127 94 98 
254 36 58 51 
1342 271 136 101 101 
256 38 59 57 
1343 273 147 102 85 
258 45 63 56 
1344 263 49 66 58 
1345 264 53 66 63 
1346 267 60 69 63 
1347 273 63 70 68 
1348 276 71 73 69 
1349 279 79 76 68 
1350 283 80 79 85 
1351 1352 1353 1354 298 109 108 108 
1355 307 125 109 102 
1356 1357 1358 1359 1360 1361 1362 1363 1364 1365 1366 1367 1368 1369 1370 1371 1372 1373 1374 1375 1376 1377 1378 1379 1380 176 0 26 9 
1381 177 0 25 10 
1382 179 0 24 9 
1383 176 0 28 13 
1384 177 0 28 14 
1385 176 0 30 16 
1386 177 0 30 18 
1387 177 0 30 20 
1388 178 0 31 21 
1389 179 0 29 23 
1390 179 0 30 24 
1391 178 0 32 28 
1392 179 0 31 28 
1393 182 3 30 27 
1394 182 2 30 30 
1395 181 4 32 31 
1396 182 5 31 31 
1397 182 7 32 33 
1398 182 9 33 36 
1399 182 10 34 36 
1400 181 13 36 35 
1401 181 15 37 37 
1402 181 14 37 41 
1403 180 20 41 39 
1404 184 23 36 39 
1405 181 25 41 41 
1406 181 26 42 42 
1407 181 28 43 45 
1408 180 33 47 45 
1409 181 36 48 44 
1410 183 38 47 45 
1411 183 41 47 47 
1412 184 43 47 50 
1413 184 48 49 51 
1414 186 51 48 50 
1415 186 54 49 54 
1416 185 61 52 53 
1417 188 63 51 55 
1418 188 66 52 59 
1419 187 67 55 66 
1420 187 74 58 64 
1421 188 79 60 66 
1422 189 89 62 66 
1423 188 92 65 69 
1424 189 92 66 79 
1425 190 97 69 85 
1426 191 103 70 90 
1427 193 107 75 96 
1428 192 118 79 104 
1429 194 122 80 106 
1430 195 135 82 104 
1431 200 138 81 102 
1432 199 148 83 90 
1433 203 154 78 86 
1434 1435 1436 204 187 87 51 
1437 1438 1439 1440 1441 1442 1443 1444 1445 1446 1447 1448 1449 1450 1451 1452 1453 1454 1455 1456 1457 1458 1459 1460 1461 1462 1463 1464 171 0 26 10 
1465 170 0 28 12 
1466 171 0 27 12 
1467 171 0 28 16 
1468 1469 172 0 29 20 
1470 175 0 28 22 
1471 173 1 31 27 
1472 173 0 32 30 
1473 174 0 31 31 
1474 175 0 31 36 
1475 174 5 33 35 
1476 172 5 36 35 
1477 176 7 32 38 
1478 177 9 32 38 
1479 173 11 40 43 
1480 174 19 40 39 
1481 174 19 41 42 
1482 173 20 42 46 
1483 175 25 41 46 
1484 178 32 40 45 
1485 175 34 44 47 
1486 175 37 46 48 
1487 178 38 45 54 
1488 175 47 52 53 
1489 176 50 54 58 
1490 176 52 55 64 
1491 176 57 57 66 
1492 175 58 61 76 
1493 176 68 62 75 
1494 179 77 60 71 
1495 181 82 64 79 
1496 181 89 66 83 
1497 178 93 75 94 
1498 181 100 73 98 
1499 183 110 75 104 
1500 185 120 77 110 
1501 185 134 83 105 
1502 190 138 84 102 
1503 194 152 77 85 
1504 194 169 81 71 
1505 194 182 87 58 
1506 201 198 80 41 
1507 1508 1509 1510 1511 1512 1513 1514 1515 1516 1517 1518 1519 1520 1521 1522 1523 1524 1525 1526 1527 1528 182 0 25 10 
1529 181 0 29 12 
1530 183 0 26 13 
1531 183 0 28 15 
1532 183 0 29 17 
1533 183 0 30 19 
1534 183 0 30 21 
1535 184 0 29 22 
1536 184 0 29 25 
1537 184 0 31 28 
1538 184 0 31 29 
1539 184 2 32 29 
1540 185 3 33 32 
1541 184 5 35 33 
1542 188 7 33 33 
1543 185 9 37 35 
1544 188 10 35 35 
1545 188 12 36 35 
1546 188 15 36 37 
1547 188 11 36 46 
1548 189 20 39 39 
1549 188 22 41 39 
1550 189 26 42 40 
1551 189 29 42 43 
1552 191 34 40 42 
1553 191 36 45 42 
1554 191 39 46 43 
1555 192 42 46 45 
1556 191 47 51 47 
1557 191 48 51 48 
1558 193 50 52 54 
1559 193 53 54 57 
1560 195 60 53 56 
1561 196 63 54 59 
1562 197 68 56 60 
1563 198 78 57 57 
1564 201 80 59 64 
1565 202 83 61 65 
1566 201 94 65 67 
1567 202 96 69 72 
1568 204 99 70 83 
1569 205 110 76 87 
1570 206 109 81 97 
1571 205 119 87 104 
1572 209 124 84 109 
1573 212 135 86 105 
1574 211 147 92 88 
1575 213 156 92 77 
1576 1577 1578 228 189 87 51 
1579 1580 1581 1582 1583 1584 1585 1586 1587 220 0 31 12 
1588 221 0 31 12 
1589 222 0 32 16 
1590 223 0 33 18 
1591 224 0 33 21 
1592 225 0 34 22 
1593 226 1 35 25 
1594 229 0 34 29 
1595 229 0 36 30 
1596 230 1 36 33 
1597 232 3 35 33 
1598 232 6 39 32 
1599 233 9 38 34 
1600 235 11 42 32 
1601 236 14 43 34 
1602 238 17 43 33 
1603 243 19 42 33 
1604 241 23 49 37 
1605 243 25 50 38 
1606 247 27 49 42 
1607 248 31 51 42 
1608 250 35 51 43 
1609 253 37 51 47 
1610 254 40 55 49 
1611 1612 259 48 57 53 
1613 260 51 60 57 
1614 1615 1616 1617 272 75 71 65 
1618 276 81 74 68 
1619 279 90 76 68 
1620 284 88 78 85 
1621 1622 1623 1624 1625 1626 1627 1628 1629 1630 1631 1632 1633 1634 1635 1636 1637 1638 1639 1640 1641 1642 1643 1644 1645 1646 1647 1648 1649 1650 1651 1652 1653 1654 1655 1656 1657 1658 1659 1660 1661 1662 1663 1664 1665 1666 175 0 29 7 
1667 176 0 28 8 
1668 177 0 26 9 
1669 177 0 27 10 
1670 178 0 27 11 
1671 179 0 25 12 
1672 179 0 26 12 
1673 179 0 25 13 
1674 179 0 26 14 
1675 179 0 26 15 
1676 179 0 27 17 
1677 180 0 27 18 
1678 181 0 28 19 
1679 181 0 27 20 
1680 181 0 27 21 
1681 182 4 26 20 
1682 182 3 27 22 
1683 183 2 27 23 
1684 183 3 27 23 
1685 183 2 27 26 
1686 183 3 29 26 
1687 183 4 29 26 
1688 183 4 29 29 
1689 183 5 31 29 
1690 182 7 32 30 
1691 183 8 31 30 
1692 184 9 30 31 
1693 184 9 31 33 
1694 184 10 32 34 
1695 184 11 32 34 
1696 184 15 33 31 
1697 184 17 33 30 
1698 184 18 34 33 
1699 184 21 36 34 
1700 188 22 34 33 
1701 189 24 33 33 
1702 188 24 34 37 
1703 189 26 34 36 
1704 189 30 35 35 
1705 188 30 36 36 
1706 189 31 37 37 
1707 189 36 38 38 
1708 189 36 40 39 
1709 189 36 41 41 
1710 189 37 43 42 
1711 189 41 44 43 
1712 189 43 44 43 
1713 192 43 43 45 
1714 191 48 46 47 
1715 191 50 47 47 
1716 191 52 46 47 
1717 192 55 45 46 
1718 193 56 45 50 
1719 193 55 47 56 
1720 192 62 50 52 
1721 194 64 50 52 
1722 194 63 52 59 
1723 194 71 52 54 
1724 194 73 53 56 
1725 196 79 54 55 
1726 196 83 56 58 
1727 196 85 58 60 
1728 195 92 61 59 
1729 200 93 59 66 
1730 199 96 62 68 
1731 199 106 64 64 
1732 200 106 63 69 
1733 201 111 65 69 
1734 202 111 67 75 
1735 202 115 71 82 
1736 204 119 71 85 
1737 164 0 27 10 
205 126 74 89 
1738 166 0 25 12 
205 129 77 92 
1739 166 0 25 12 
208 136 77 91 
1740 166 0 26 15 
208 141 79 97 
1741 166 0 28 18 
210 143 81 97 
1742 215 151 77 91 
165 0 27 19 
1743 166 0 28 20 
1744 220 165 75 67 
167 1 27 20 
1745 216 174 83 63 
167 0 26 23 
1746 217 181 83 56 
165 1 30 26 
1747 220 191 79 46 
165 1 31 29 
1748 220 196 80 41 
165 2 31 30 
1749 166 2 31 33 
1750 201 0 25 10 
165 5 31 33 
1751 202 0 27 11 
164 6 33 35 
1752 164 6 33 39 
202 0 29 13 
1753 204 0 29 14 
166 8 32 37 
1754 205 0 30 18 
165 9 34 41 
1755 163 11 36 42 
207 0 31 20 
1756 163 13 36 43 
208 0 31 22 
1757 163 20 37 40 
211 0 32 26 
1758 214 0 31 30 
163 21 38 44 
1759 163 23 38 45 
214 2 33 31 
1760 161 26 40 47 
216 4 35 32 
1761 217 7 36 33 
160 32 42 46 
1762 220 10 37 32 
162 33 41 51 
1763 222 12 37 31 
160 39 44 47 
1764 158 40 46 50 
224 17 36 33 
1765 229 19 37 38 
158 47 46 51 
1766 225 22 46 39 
157 51 48 50 
1767 227 27 48 38 
158 55 47 52 
1768 227 29 52 43 
156 55 50 58 
1769 225 32 57 47 
155 63 52 57 
1770 228 33 57 52 
155 67 54 60 
1771 241 44 48 48 
153 74 58 63 
1772 152 76 59 68 
244 49 53 48 
1773 152 72 62 84 
248 54 53 52 
1774 149 84 65 81 
249 61 60 54 
1775 151 89 64 82 
254 68 62 57 
1776 258 74 64 61 
148 100 68 84 
1777 150 103 66 90 
262 80 69 67 
1778 201 0 25 10 
146 112 73 93 
264 89 75 69 
1779 202 0 24 10 
141 122 83 98 
272 98 74 70 
1780 201 0 27 11 
143 125 79 108 
279 101 78 87 
1781 201 0 27 12 
281 117 88 80 
142 138 81 100 
1782 149 142 73 99 
201 0 28 12 
291 128 91 93 
1783 149 153 74 87 
202 1 28 13 
297 140 108 96 
1784 146 169 75 69 
202 0 28 16 
306 150 115 84 
1785 314 162 107 71 
202 0 29 18 
1786 204 0 28 20 
1787 204 0 29 20 
1788 205 0 28 22 
1789 205 1 29 24 
1790 204 0 30 28 
1791 205 1 29 28 
1792 208 3 28 27 
1793 209 2 29 31 
1794 209 3 29 33 
1795 209 6 30 32 
1796 210 5 29 29 
1797 209 8 31 34 
1798 210 9 31 36 
1799 209 13 33 35 
1800 210 16 32 34 
1801 209 23 36 32 
1802 209 16 34 39 
1803 213 23 33 36 
1804 206 22 40 41 
1805 206 24 42 42 
1806 1807 212 25 38 47 
1808 214 28 38 47 
1809 215 32 39 46 
1810 214 33 41 50 
1811 216 36 42 50 
1812 209 38 50 54 
1813 212 47 49 50 
1814 213 47 49 52 
1815 215 50 48 54 
1816 215 53 49 56 
1817 218 59 49 56 
1818 219 61 48 58 
1819 219 65 50 61 
1820 216 68 57 63 
1821 220 73 56 64 
1822 221 78 57 65 
1823 222 81 59 70 
1824 222 90 61 68 
1825 222 93 63 71 
1826 225 105 63 69 
1827 225 100 67 86 
1828 223 109 73 89 
1829 222 111 76 95 
1830 225 119 80 103 
1831 228 122 77 107 
1832 231 135 78 103 
1833 236 139 78 103 
1834 1835 1836 1837 1838 1839 1840 1841 1842 1843 1844 1845 1846 1847 1848 1849 1850 1851 1852 1853 1854 1855 1856 1857 1858 1859 1860 1861 1862 1863 1864 1865 1866 1867 1868 1869 1870 1871 1872 1873 1874 1875 1876 1877 1878 1879 1880 1881 1882 1883 1884 155 0 26 10 
1885 153 0 29 12 
1886 154 0 28 12 
1887 155 0 27 14 
1888 1889 1890 159 0 27 19 
1891 159 0 27 22 
1892 159 0 26 24 
1893 154 0 30 29 
1894 158 1 29 28 
1895 158 1 29 30 
1896 158 0 29 33 
1897 159 1 28 35 
1898 155 4 33 36 
1899 156 3 33 39 
1900 155 4 34 40 
1901 154 5 36 44 
1902 154 8 37 45 
1903 155 9 38 48 
1904 155 16 39 45 
1905 153 14 42 52 
1906 153 17 42 53 
1907 153 20 42 54 
1908 177 0 27 8 
153 27 43 56 
1909 177 0 28 9 
153 27 44 57 
1910 178 0 24 10 
149 30 48 58 
1911 153 31 46 63 
177 0 28 12 
1912 178 0 28 12 
148 39 51 65 
1913 178 0 27 13 
148 42 52 66 
1914 153 47 48 64 
179 0 29 16 
1915 179 1 29 17 
147 54 53 69 
1916 180 1 28 18 
148 55 54 73 
1917 219 0 29 12 
146 59 57 79 
180 1 29 20 
1918 221 0 28 13 
180 4 29 19 
144 64 59 82 
1919 224 0 28 16 
152 66 56 86 
180 4 29 21 
1920 144 76 65 89 
224 0 29 18 
181 2 29 25 
1921 141 87 68 100 
224 0 31 19 
181 0 31 31 
1922 226 0 30 21 
147 87 68 101 
181 0 31 31 
1923 227 0 30 22 
182 3 31 30 
145 100 72 108 
1924 229 0 28 24 
144 100 74 113 
182 4 30 30 
1925 232 1 29 27 
181 5 32 35 
143 111 77 120 
1926 232 1 30 30 
146 116 74 122 
182 7 33 33 
1927 232 0 32 34 
146 125 76 114 
183 8 33 35 
1928 233 0 34 36 
145 134 78 109 
183 9 34 36 
1929 149 141 73 101 
182 13 36 35 
1930 137 158 96 75 
183 15 36 34 
1931 237 8 37 32 
147 172 76 64 
185 16 35 37 
1932 184 21 37 36 
147 185 77 53 
1933 146 203 78 34 
239 10 38 33 
184 22 37 37 
1934 237 9 43 39 
186 23 38 37 
1935 242 16 34 33 
183 25 42 41 
1936 184 28 43 43 
1937 185 34 42 41 
1938 248 20 37 42 
185 36 44 42 
1939 250 22 38 46 
186 38 46 45 
1940 251 25 40 49 
187 39 44 47 
1941 252 34 47 42 
188 43 44 48 
1942 256 38 46 43 
188 48 45 50 
1943 256 38 47 48 
190 53 47 48 
1944 255 34 52 58 
190 56 47 48 
1945 259 48 53 48 
189 63 52 52 
1946 258 44 58 57 
189 62 53 55 
1947 191 66 52 58 
1948 263 65 59 48 
192 66 55 62 
1949 267 59 62 59 
191 76 57 60 
1950 270 57 63 70 
191 79 60 64 
1951 274 62 64 68 
192 80 62 68 
1952 278 70 68 69 
192 90 65 70 
1953 281 71 67 75 
193 95 67 69 
1954 282 75 76 84 
192 98 70 81 
1955 289 81 70 86 
198 105 67 82 
1956 291 91 77 79 
198 111 72 88 
1957 294 102 80 79 
198 118 75 89 
1958 301 96 71 62 
298 111 84 86 
199 124 76 96 
1959 304 113 90 94 
202 130 78 102 
1960 203 139 80 98 
1961 209 144 80 96 
1962 319 170 107 74 
203 161 93 70 
1963 327 139 95 95 
212 172 81 66 
1964 333 152 92 82 
213 179 86 58 
1965 215 188 84 51 
1966 219 201 78 37 
186 0 24 10 
1967 185 0 26 13 
1968 185 0 26 14 
1969 186 0 27 15 
1970 186 0 27 17 
1971 187 0 28 18 
1972 187 1 29 19 
1973 187 0 29 21 
1974 188 0 28 23 
1975 187 1 30 25 
1976 188 1 30 26 
1977 190 2 29 26 
1978 190 2 31 28 
1979 190 3 32 30 
1980 191 4 32 31 
1981 190 6 32 32 
1982 191 8 32 32 
1983 191 9 33 35 
1984 191 14 35 31 
1985 193 12 33 32 
1986 194 18 33 32 
1987 193 23 37 30 
1988 196 22 35 34 
1989 195 24 37 35 
1990 196 24 37 36 
1991 196 29 39 37 
1992 198 33 38 35 
1993 196 34 44 42 
1994 199 34 39 43 
1995 196 37 45 41 
1996 197 41 45 42 
1997 197 43 47 45 
1998 198 48 49 46 
1999 200 48 50 48 
2000 200 51 50 49 
2001 202 53 50 54 
2002 202 62 51 52 
2003 204 65 51 50 
2004 205 66 53 56 
2005 205 66 56 63 
2006 206 76 57 58 
2007 206 78 59 63 
2008 208 80 60 68 
2009 210 90 61 65 
2010 210 94 67 70 
2011 212 101 69 73 
2012 216 108 65 71 
2013 216 113 72 81 
2014 216 113 77 89 
2015 217 126 83 90 
2016 220 122 86 102 
2017 218 136 93 101 
2018 226 138 86 101 
2019 231 149 81 89 
2020 235 162 76 67 
2021 232 171 85 69 
2022 2023 2024 2025 2026 2027 2028 2029 2030 2031 2032 2033 2034 2035 2036 2037 2038 2039 2040 2041 2042 2043 2044 2045 2046 2047 2048 2049 2050 2051 2052 2053 222 0 23 9 
2054 219 0 27 11 
2055 221 0 28 12 
2056 221 0 28 13 
2057 223 0 30 16 
2058 223 0 32 17 
2059 224 0 31 19 
2060 225 0 31 20 
2061 226 0 30 22 
2062 228 0 29 24 
2063 230 0 31 29 
2064 230 0 32 30 
2065 230 3 33 30 
2066 232 2 33 33 
2067 234 3 32 32 
2068 233 8 35 33 
2069 234 9 35 34 
2070 237 11 36 32 
2071 160 0 27 8 
236 14 40 34 
2072 161 0 27 9 
240 18 37 34 
2073 240 20 39 31 
162 0 23 10 
2074 242 21 44 41 
161 0 26 11 
2075 161 0 27 12 
2076 246 27 43 43 
161 0 28 14 
2077 162 0 28 16 
248 28 47 45 
2078 249 30 49 45 
162 0 27 17 
2079 250 34 51 45 
162 0 28 19 
2080 254 38 50 47 
161 0 30 22 
2081 255 40 50 52 
161 0 30 22 
2082 257 47 53 49 
161 0 30 24 
2083 261 50 52 51 
162 2 30 24 
2084 263 51 54 56 
162 1 30 27 
2085 265 60 56 55 
162 2 31 27 
2086 262 63 62 55 
162 3 31 28 
2087 271 67 62 62 
162 4 32 30 
2088 273 72 65 65 
162 6 33 32 
2089 275 77 69 69 
162 6 33 33 
2090 281 81 67 70 
162 8 33 33 
2091 284 83 70 82 
162 10 34 34 
2092 218 0 25 11 
290 95 69 72 
160 13 36 34 
2093 291 94 78 92 
218 0 27 12 
161 13 35 35 
2094 296 112 79 85 
219 0 27 12 
161 17 35 33 
2095 301 109 88 100 
220 0 28 13 
162 18 36 35 
2096 306 127 97 97 
161 13 38 44 
222 0 27 15 
2097 305 139 104 93 
159 22 39 37 
222 0 28 18 
2098 162 22 36 40 
224 0 28 19 
2099 162 23 37 42 
225 0 29 20 
2100 329 166 96 77 
161 26 39 43 
225 0 29 22 
2101 332 174 93 66 
162 29 39 43 
227 0 29 25 
2102 226 1 31 26 
161 35 40 43 
2103 162 38 40 43 
227 3 32 25 
2104 228 3 30 27 
162 41 42 42 
2105 231 5 30 29 
161 43 45 44 
2106 172 0 28 7 
230 4 34 30 
161 44 44 48 
2107 174 0 24 8 
231 6 33 31 
160 51 46 47 
2108 174 0 25 9 
232 9 33 31 
161 55 45 47 
2109 175 0 26 11 
232 10 37 33 
161 58 47 49 
2110 173 0 28 11 
233 11 36 34 
159 57 50 55 
2111 175 0 27 12 
236 13 36 33 
160 63 51 53 
2112 236 16 38 32 
174 0 29 14 
160 68 52 54 
2113 238 18 37 33 
175 0 30 16 
160 71 53 58 
2114 240 21 37 33 
175 0 29 18 
160 77 54 58 
2115 239 23 40 33 
159 83 56 60 
176 0 29 18 
2116 241 26 38 35 
158 82 58 67 
177 0 29 19 
2117 243 29 41 36 
177 0 30 21 
158 96 60 64 
2118 247 31 40 36 
158 115 63 51 
177 0 30 24 
2119 245 32 47 39 
176 0 33 26 
159 113 64 64 
2120 248 36 45 39 
159 103 64 83 
176 1 32 27 
2121 250 36 47 41 
159 130 67 64 
177 2 32 27 
2122 250 39 47 43 
176 3 33 28 
159 118 68 90 
2123 251 41 49 44 
157 128 73 92 
177 3 34 31 
2124 252 43 49 47 
177 4 34 32 
161 129 72 100 
2125 255 49 50 45 
178 6 33 32 
160 137 75 101 
2126 257 51 51 46 
178 8 33 31 
162 140 76 98 
2127 157 152 93 82 
261 54 50 49 
178 9 33 35 
2128 262 56 53 52 
158 162 86 72 
181 11 34 34 
2129 180 13 35 35 
264 62 54 53 
158 175 83 63 
2130 265 64 55 55 
180 15 35 36 
160 185 79 52 
2131 269 68 58 58 
163 198 76 43 
181 17 36 36 
2132 164 209 76 26 
271 75 61 59 
181 19 37 38 
2133 274 75 61 62 
182 23 36 39 
2134 276 81 64 64 
183 24 35 40 
2135 181 26 40 41 
277 87 70 68 
2136 180 28 41 42 
281 93 68 67 
2137 181 34 42 41 
284 95 70 73 
2138 181 35 44 42 
288 103 71 73 
2139 292 111 75 69 
183 38 45 43 
2140 295 112 78 84 
182 41 47 43 
2141 303 119 77 84 
182 43 48 46 
2142 302 133 95 85 
182 46 50 50 
2143 308 138 94 90 
184 48 49 49 
2144 310 146 105 86 
184 53 50 49 
2145 186 56 49 52 
317 156 99 77 
2146 322 160 97 72 
186 61 53 54 
2147 327 170 93 70 
187 64 53 53 
2148 333 178 91 60 
187 66 54 58 
2149 340 189 85 50 
185 75 61 58 
2150 186 74 59 63 
2151 188 79 61 66 
2152 189 90 61 62 
2153 188 89 65 72 
2154 190 90 64 79 
2155 192 97 68 81 
2156 192 103 71 83 
2157 194 109 73 89 
2158 195 116 75 90 
2159 193 121 83 103 
2160 197 137 80 101 
2161 199 137 83 101 
2162 201 144 84 97 
2163 197 155 94 79 
2164 205 168 89 69 
2165 206 172 90 66 
2166 210 184 84 54 
2167 212 194 83 43 
2168 2169 2170 2171 2172 2173 2174 2175 2176 2177 2178 2179 2180 2181 2182 2183 2184 2185 2186 2187 2188 2189 2190 2191 2192 2193 2194 2195 2196 2197 2198 2199 2200 2201 2202 2203 2204 2205 2206 2207 2208 2209 2210 